0	0	0
0	0.05	0.156434
0	0.1	0.309017
0	0.15	0.45399
0	0.2	0.587785
0	0.25	0.707107
0	0.3	0.809017
0	0.35	0.891007
0	0.4	0.951057
0	0.45	0.987688
0	0.5	1
0	0.55	0.987688
0	0.6	0.951057
0	0.65	0.891007
0	0.7	0.809017
0	0.75	0.707107
0	0.8	0.587785
0	0.85	0.45399
0	0.9	0.309017
0	0.95	0.156434
0	1	1.22465e-16

0.01554	0	0
0.01554	0.05	0.134748
0.01554	0.1	0.266178
0.01554	0.15	0.391054
0.01554	0.2	0.506301
0.01554	0.25	0.609081
0.01554	0.3	0.696863
0.01554	0.35	0.767487
0.01554	0.4	0.819212
0.01554	0.45	0.850765
0.01554	0.5	0.86137
0.01554	0.55	0.850765
0.01554	0.6	0.819212
0.01554	0.65	0.767487
0.01554	0.7	0.696863
0.01554	0.75	0.609081
0.01554	0.8	0.506301
0.01554	0.85	0.391054
0.01554	0.9	0.266178
0.01554	0.95	0.134748
0.01554	1	0

0.03108	0	0
0.03108	0.05	0.115588
0.03108	0.1	0.228329
0.03108	0.15	0.335449
0.03108	0.2	0.434308
0.03108	0.25	0.522474
0.03108	0.3	0.597774
0.03108	0.35	0.658355
0.03108	0.4	0.702726
0.03108	0.45	0.729793
0.03108	0.5	0.73889
0.03108	0.55	0.729793
0.03108	0.6	0.702726
0.03108	0.65	0.658355
0.03108	0.7	0.597774
0.03108	0.75	0.522474
0.03108	0.8	0.434308
0.03108	0.85	0.335449
0.03108	0.9	0.228329
0.03108	0.95	0.115588
0.03108	1	0

0.04662	0	0
0.04662	0.05	0.099152
0.04662	0.1	0.195863
0.04662	0.15	0.28775
0.04662	0.2	0.372553
0.04662	0.25	0.448182
0.04662	0.3	0.512775
0.04662	0.35	0.564742
0.04662	0.4	0.602803
0.04662	0.45	0.626021
0.04662	0.5	0.633825
0.04662	0.55	0.626021
0.04662	0.6	0.602803
0.04662	0.65	0.564742
0.04662	0.7	0.512775
0.04662	0.75	0.448182
0.04662	0.8	0.372553
0.04662	0.85	0.28775
0.04662	0.9	0.195863
0.04662	0.95	0.099152
0.04662	1	0

0.06216	0	0
0.06216	0.05	0.0850533
0.06216	0.1	0.168012
0.06216	0.15	0.246834
0.06216	0.2	0.319578
0.06216	0.25	0.384454
0.06216	0.3	0.439862
0.06216	0.35	0.48444
0.06216	0.4	0.517089
0.06216	0.45	0.537006
0.06216	0.5	0.543699
0.06216	0.55	0.537006
0.06216	0.6	0.517089
0.06216	0.65	0.48444
0.06216	0.7	0.439862
0.06216	0.75	0.384454
0.06216	0.8	0.319578
0.06216	0.85	0.246834
0.06216	0.9	0.168012
0.06216	0.95	0.0850533
0.06216	1	0

0.0777	0	0
0.0777	0.05	0.0729594
0.0777	0.1	0.144122
0.0777	0.15	0.211736
0.0777	0.2	0.274137
0.0777	0.25	0.329787
0.0777	0.3	0.377317
0.0777	0.35	0.415556
0.0777	0.4	0.443563
0.0777	0.45	0.460647
0.0777	0.5	0.466389
0.0777	0.55	0.460647
0.0777	0.6	0.443563
0.0777	0.65	0.415556
0.0777	0.7	0.377317
0.0777	0.75	0.329787
0.0777	0.8	0.274137
0.0777	0.85	0.211736
0.0777	0.9	0.144122
0.0777	0.95	0.0729594
0.0777	1	0

0.09324	0	0
0.09324	0.05	0.0625851
0.09324	0.1	0.123629
0.09324	0.15	0.181629
0.09324	0.2	0.235156
0.09324	0.25	0.282894
0.09324	0.3	0.323665
0.09324	0.35	0.356467
0.09324	0.4	0.380491
0.09324	0.45	0.395146
0.09324	0.5	0.400072
0.09324	0.55	0.395146
0.09324	0.6	0.380491
0.09324	0.65	0.356467
0.09324	0.7	0.323665
0.09324	0.75	0.282894
0.09324	0.8	0.235156
0.09324	0.85	0.181629
0.09324	0.9	0.123629
0.09324	0.95	0.0625851
0.09324	1	0

0.10878	0	0
0.10878	0.05	0.0536859
0.10878	0.1	0.10605
0.10878	0.15	0.155803
0.10878	0.2	0.201719
0.10878	0.25	0.242668
0.10878	0.3	0.277642
0.10878	0.35	0.30578
0.10878	0.4	0.326388
0.10878	0.45	0.338959
0.10878	0.5	0.343185
0.10878	0.55	0.338959
0.10878	0.6	0.326388
0.10878	0.65	0.30578
0.10878	0.7	0.277642
0.10878	0.75	0.242668
0.10878	0.8	0.201719
0.10878	0.85	0.155803
0.10878	0.9	0.10605
0.10878	0.95	0.0536859
0.10878	1	0

0.12432	0	0
0.12432	0.05	0.0460521
0.12432	0.1	0.0909703
0.12432	0.15	0.133649
0.12432	0.2	0.173036
0.12432	0.25	0.208162
0.12432	0.3	0.238163
0.12432	0.35	0.2623
0.12432	0.4	0.279978
0.12432	0.45	0.290762
0.12432	0.5	0.294386
0.12432	0.55	0.290762
0.12432	0.6	0.279978
0.12432	0.65	0.2623
0.12432	0.7	0.238163
0.12432	0.75	0.208162
0.12432	0.8	0.173036
0.12432	0.85	0.133649
0.12432	0.9	0.0909703
0.12432	0.95	0.0460521
0.12432	1	0

0.13986	0	0
0.13986	0.05	0.0395039
0.13986	0.1	0.078035
0.13986	0.15	0.114645
0.13986	0.2	0.148431
0.13986	0.25	0.178563
0.13986	0.3	0.204298
0.13986	0.35	0.225003
0.13986	0.4	0.240167
0.13986	0.45	0.249418
0.13986	0.5	0.252527
0.13986	0.55	0.249418
0.13986	0.6	0.240167
0.13986	0.65	0.225003
0.13986	0.7	0.204298
0.13986	0.75	0.178563
0.13986	0.8	0.148431
0.13986	0.85	0.114645
0.13986	0.9	0.078035
0.13986	0.95	0.0395039
0.13986	1	0

0.1554	0	0
0.1554	0.05	0.0338867
0.1554	0.1	0.066939
0.1554	0.15	0.098343
0.1554	0.2	0.127326
0.1554	0.25	0.153173
0.1554	0.3	0.175249
0.1554	0.35	0.193009
0.1554	0.4	0.206017
0.1554	0.45	0.213952
0.1554	0.5	0.216619
0.1554	0.55	0.213952
0.1554	0.6	0.206017
0.1554	0.65	0.193009
0.1554	0.7	0.175249
0.1554	0.75	0.153173
0.1554	0.8	0.127326
0.1554	0.85	0.098343
0.1554	0.9	0.066939
0.1554	0.95	0.0338867
0.1554	1	0

0.17094	0	0
0.17094	0.05	0.0290682
0.17094	0.1	0.0574207
0.17094	0.15	0.0843593
0.17094	0.2	0.109221
0.17094	0.25	0.131393
0.17094	0.3	0.150329
0.17094	0.35	0.165565
0.17094	0.4	0.176723
0.17094	0.45	0.18353
0.17094	0.5	0.185817
0.17094	0.55	0.18353
0.17094	0.6	0.176723
0.17094	0.65	0.165565
0.17094	0.7	0.150329
0.17094	0.75	0.131393
0.17094	0.8	0.109221
0.17094	0.85	0.0843593
0.17094	0.9	0.0574207
0.17094	0.95	0.0290682
0.17094	1	0

0.18648	0	0
0.18648	0.05	0.0249349
0.18648	0.1	0.0492559
0.18648	0.15	0.072364
0.18648	0.2	0.0936903
0.18648	0.25	0.11271
0.18648	0.3	0.128954
0.18648	0.35	0.142022
0.18648	0.4	0.151594
0.18648	0.45	0.157433
0.18648	0.5	0.159395
0.18648	0.55	0.157433
0.18648	0.6	0.151594
0.18648	0.65	0.142022
0.18648	0.7	0.128954
0.18648	0.75	0.11271
0.18648	0.8	0.0936903
0.18648	0.85	0.072364
0.18648	0.9	0.0492559
0.18648	0.95	0.0249349
0.18648	1	0

0.20202	0	0
0.20202	0.05	0.0213894
0.20202	0.1	0.0422521
0.20202	0.15	0.0620744
0.20202	0.2	0.0803682
0.20202	0.25	0.0966831
0.20202	0.3	0.110617
0.20202	0.35	0.121828
0.20202	0.4	0.130039
0.20202	0.45	0.135047
0.20202	0.5	0.136731
0.20202	0.55	0.135047
0.20202	0.6	0.130039
0.20202	0.65	0.121828
0.20202	0.7	0.110617
0.20202	0.75	0.0966831
0.20202	0.8	0.0803682
0.20202	0.85	0.0620744
0.20202	0.9	0.0422521
0.20202	0.95	0.0213894
0.20202	1	0

0.21756	0	0
0.21756	0.05	0.018348
0.21756	0.1	0.0362441
0.21756	0.15	0.0532479
0.21756	0.2	0.0689404
0.21756	0.25	0.0829355
0.21756	0.3	0.0948884
0.21756	0.35	0.104505
0.21756	0.4	0.111548
0.21756	0.45	0.115844
0.21756	0.5	0.117288
0.21756	0.55	0.115844
0.21756	0.6	0.111548
0.21756	0.65	0.104505
0.21756	0.7	0.0948884
0.21756	0.75	0.0829355
0.21756	0.8	0.0689404
0.21756	0.85	0.0532479
0.21756	0.9	0.0362441
0.21756	0.95	0.018348
0.21756	1	0

0.2331	0	0
0.2331	0.05	0.015739
0.2331	0.1	0.0310905
0.2331	0.15	0.0456764
0.2331	0.2	0.0591376
0.2331	0.25	0.0711426
0.2331	0.3	0.0813959
0.2331	0.35	0.089645
0.2331	0.4	0.0956866
0.2331	0.45	0.0993722
0.2331	0.5	0.100611
0.2331	0.55	0.0993722
0.2331	0.6	0.0956866
0.2331	0.65	0.089645
0.2331	0.7	0.0813959
0.2331	0.75	0.0711426
0.2331	0.8	0.0591376
0.2331	0.85	0.0456764
0.2331	0.9	0.0310905
0.2331	0.95	0.015739
0.2331	1	0

0.24864	0	0
0.24864	0.05	0.013501
0.24864	0.1	0.0266696
0.24864	0.15	0.0391815
0.24864	0.2	0.0507287
0.24864	0.25	0.0610267
0.24864	0.3	0.069822
0.24864	0.35	0.0768981
0.24864	0.4	0.0820807
0.24864	0.45	0.0852422
0.24864	0.5	0.0863047
0.24864	0.55	0.0852422
0.24864	0.6	0.0820807
0.24864	0.65	0.0768981
0.24864	0.7	0.069822
0.24864	0.75	0.0610267
0.24864	0.8	0.0507287
0.24864	0.85	0.0391815
0.24864	0.9	0.0266696
0.24864	0.95	0.013501
0.24864	1	0

0.26418	0	0
0.26418	0.05	0.0115813
0.26418	0.1	0.0228774
0.26418	0.15	0.0336102
0.26418	0.2	0.0435154
0.26418	0.25	0.0523491
0.26418	0.3	0.0598938
0.26418	0.35	0.0659637
0.26418	0.4	0.0704094
0.26418	0.45	0.0731214
0.26418	0.5	0.0740328
0.26418	0.55	0.0731214
0.26418	0.6	0.0704094
0.26418	0.65	0.0659637
0.26418	0.7	0.0598938
0.26418	0.75	0.0523491
0.26418	0.8	0.0435154
0.26418	0.85	0.0336102
0.26418	0.9	0.0228774
0.26418	0.95	0.0115813
0.26418	1	0

0.27972	0	0
0.27972	0.05	0.00993451
0.27972	0.1	0.0196244
0.27972	0.15	0.0288311
0.27972	0.2	0.0373278
0.27972	0.25	0.0449054
0.27972	0.3	0.0513773
0.27972	0.35	0.0565842
0.27972	0.4	0.0603977
0.27972	0.45	0.062724
0.27972	0.5	0.0635059
0.27972	0.55	0.062724
0.27972	0.6	0.0603977
0.27972	0.65	0.0565842
0.27972	0.7	0.0513773
0.27972	0.75	0.0449054
0.27972	0.8	0.0373278
0.27972	0.85	0.0288311
0.27972	0.9	0.0196244
0.27972	0.95	0.00993451
0.27972	1	0

0.29526	0	0
0.29526	0.05	0.00852189
0.29526	0.1	0.0168339
0.29526	0.15	0.0247315
0.29526	0.2	0.0320201
0.29526	0.25	0.0385202
0.29526	0.3	0.0440718
0.29526	0.35	0.0485383
0.29526	0.4	0.0518096
0.29526	0.45	0.0538051
0.29526	0.5	0.0544758
0.29526	0.55	0.0538051
0.29526	0.6	0.0518096
0.29526	0.65	0.0485383
0.29526	0.7	0.0440718
0.29526	0.75	0.0385202
0.29526	0.8	0.0320201
0.29526	0.85	0.0247315
0.29526	0.9	0.0168339
0.29526	0.95	0.00852189
0.29526	1	0

